====================================================================================================
           STUDENT DORMITORY MANAGEMENT SYSTEM - MONTHLY TENANT BILLING REPORT - 2026-10            
====================================================================================================
Generated At : 2026-10-06 11:26:23 (+07:00)
App Version  : 1.0
Endianness   : Little-Endian
Encoding     : UTF-8 (with fixed-size byte fields)
Data Sources : payments.dat + tenants.dat
Purpose      : Bills for the selected month from payments.dat; names from tenants.dat.

DETAIL / TABLE
====================================================================================================

MONTHLY TENANT BILLING REPORT - 2026-10

----------+------+---------+--------+----------+------+--------+---------+-----------
Tenant ID | Room | Rent    | Water  | Electric | Fine | Damage | Total   | Name
----------+------+---------+--------+----------+------+--------+---------+-----------
1         | 101  | 3000.00 | 270.00 | 320.00   | 0.00 | 0.00   | 3590.00 | สมชาย
2         | 102  | 4000.00 | 270.00 | 320.00   | 0.00 | 0.00   | 4590.00 | (unknown)
3         | 103  | 4500.00 | 270.00 | 320.00   | 0.00 | 0.00   | 5090.00 | วิชัย
4         | 104  | 6000.00 | 270.00 | 320.00   | 0.00 | 0.00   | 6590.00 | อรทัย
5         | 105  | 7500.00 | 270.00 | 320.00   | 0.00 | 0.00   | 8090.00 | ประยุทธ์
6         | 106  | 5000.00 | 270.00 | 320.00   | 0.00 | 0.00   | 5590.00 | มณีรัตน์
7         | 107  | 3000.00 | 270.00 | 320.00   | 0.00 | 0.00   | 3590.00 | ธนกร
8         | 108  | 4000.00 | 270.00 | 320.00   | 0.00 | 0.00   | 4590.00 | กัลยา
9         | 109  | 4500.00 | 270.00 | 320.00   | 0.00 | 0.00   | 5090.00 | ชัยวัฒน์
10        | 110  | 6000.00 | 270.00 | 320.00   | 0.00 | 0.00   | 6590.00 | พรทิพย์
11        | 111  | 7500.00 | 270.00 | 320.00   | 0.00 | 0.00   | 8090.00 | สุรชัย
12        | 112  | 5000.00 | 270.00 | 320.00   | 0.00 | 0.00   | 5590.00 | นิภา
13        | 113  | 3000.00 | 270.00 | 320.00   | 0.00 | 0.00   | 3590.00 | อนุชา
14        | 114  | 4000.00 | 270.00 | 320.00   | 0.00 | 0.00   | 4590.00 | รัตนา
15        | 115  | 4500.00 | 270.00 | 320.00   | 0.00 | 0.00   | 5090.00 | ธีรพงษ์
16        | 116  | 6000.00 | 270.00 | 320.00   | 0.00 | 0.00   | 6590.00 | จันทร์เพ็ญ
17        | 117  | 7500.00 | 270.00 | 320.00   | 0.00 | 0.00   | 8090.00 | วรรณา
18        | 118  | 5000.00 | 270.00 | 320.00   | 0.00 | 0.00   | 5590.00 | ไพโรจน์
19        | 119  | 3000.00 | 270.00 | 320.00   | 0.00 | 0.00   | 3590.00 | สุนีย์
20        | 120  | 4000.00 | 270.00 | 320.00   | 0.00 | 0.00   | 4590.00 | ประภาส
21        | 121  | 4500.00 | 270.00 | 320.00   | 0.00 | 0.00   | 5090.00 | มาลี
22        | 122  | 6000.00 | 270.00 | 320.00   | 0.00 | 0.00   | 6590.00 | เอกชัย
23        | 123  | 7500.00 | 270.00 | 320.00   | 0.00 | 0.00   | 8090.00 | ดวงใจ
24        | 124  | 5000.00 | 270.00 | 320.00   | 0.00 | 0.00   | 5590.00 | สมบูรณ์
25        | 125  | 3000.00 | 270.00 | 320.00   | 0.00 | 0.00   | 3590.00 | ปิยะ
26        | 126  | 4000.00 | 270.00 | 320.00   | 0.00 | 0.00   | 4590.00 | จิราพร
27        | 127  | 4500.00 | 270.00 | 320.00   | 0.00 | 0.00   | 5090.00 | วีระ
28        | 128  | 6000.00 | 270.00 | 320.00   | 0.00 | 0.00   | 6590.00 | สุดา
29        | 129  | 7500.00 | 270.00 | 320.00   | 0.00 | 0.00   | 8090.00 | ธวัชชัย
30        | 130  | 5000.00 | 270.00 | 320.00   | 0.00 | 0.00   | 5590.00 | อำไพ
31        | 131  | 3000.00 | 270.00 | 320.00   | 0.00 | 0.00   | 3590.00 | กิตติ
32        | 132  | 4000.00 | 270.00 | 320.00   | 0.00 | 0.00   | 4590.00 | นงนุช
33        | 133  | 4500.00 | 270.00 | 320.00   | 0.00 | 0.00   | 5090.00 | ศักดิ์ชัย
34        | 134  | 6000.00 | 270.00 | 320.00   | 0.00 | 0.00   | 6590.00 | ลัดดา
35        | 135  | 7500.00 | 270.00 | 320.00   | 0.00 | 0.00   | 8090.00 | ภาณุวัฒน์
36        | 136  | 5000.00 | 270.00 | 320.00   | 0.00 | 0.00   | 5590.00 | เพ็ญศรี
----------+------+---------+--------+----------+------+--------+---------+-----------

Grand Total (2026-10): 201240.00  |  Records: 36

====================================================================================================
                                           END OF REPORT                                            
====================================================================================================
